2f (Hz)	MLD (mV/V)	dMLD (mV/V)	Spectrum 1f (mV/V)	Spectrum 2f (mV/V)	MLD Lockin (mV/V)	dMLD Lockin (mV/V)	Phase (deg)	dPhase (deg)	Vdc (V)	dVdc (V)	Unbalanced?
											
3.476246	8.299878E-6	2.909012E-5	2.851894E-13	1.813679E-13	0.000000	0.000000	NaN	NaN	8.352285	0.002010	1.000000
5.451854	NaN	-0.000000	0.010642	0.008862	0.000000	0.000000	NaN	-0.000000	7.749433	0.006417	1.000000
7.435990	NaN	-0.000000	0.011903	0.004954	0.000000	0.000000	NaN	-0.000000	7.716049	0.001019	0.000000
9.376891	NaN	-0.000000	0.020480	0.022599	0.000000	0.000000	NaN	-0.000000	7.716201	0.001354	0.000000
11.244378	NaN	-0.000000	0.018253	0.015809	0.000000	0.000000	NaN	-0.000000	7.715845	0.001590	0.000000
13.219504	0.014348	0.000578	0.007614	0.011825	0.000000	0.000000	58.067785	4.856531	7.716049	0.001772	0.000000
15.084941	0.027032	0.001130	0.019865	0.016054	0.000000	0.000000	65.300608	1.748666	7.715080	0.002540	0.000000
16.963103	0.026840	0.000430	0.007555	0.022778	0.000000	0.000000	-71.496154	1.513056	7.715998	0.001692	0.000000
18.806823	0.005007	0.001392	0.015500	0.007032	0.000000	0.000000	-20.187874	10.391786	7.715131	0.002510	0.000000
20.727683	0.009371	0.000742	0.015862	0.011149	0.000000	0.000000	-71.011228	5.590858	7.712888	0.002563	0.000000
22.624889	0.016185	0.000797	0.015247	0.018311	0.000000	0.000000	-67.277310	3.529704	7.714112	0.002510	0.000000
24.616739	0.026717	0.000737	0.280734	0.096150	0.000000	0.000000	14.725278	1.105267	7.711614	0.002036	0.000000
26.643696	0.005859	0.000620	0.006534	0.008415	0.000000	0.000000	11.313883	8.562161	7.711207	0.001529	0.000000
28.623654	0.003585	0.001259	0.017066	0.006048	0.000000	0.000000	-7.234217	10.100965	7.711563	0.001847	0.000000
