0.00000	0.00045	2.75422	0.00124	0.00000	-0.01367	0.01739	-0.00024
0.00250	0.00045	2.75422	0.00248	0.00250	-0.01367	0.01739	-0.00048
0.00500	0.00045	2.49173	0.00360	0.00500	-0.01367	0.01739	-0.00071
0.00750	0.00045	0.51209	0.00383	0.00750	-0.01367	0.01739	-0.00095
0.01000	0.00045	0.49032	0.00405	0.01000	-0.01367	0.01739	-0.00119
0.01250	0.00045	0.48073	0.00427	0.01250	-0.01367	0.01739	-0.00143
0.01500	0.00045	0.46567	0.00448	0.01500	-0.01367	0.01739	-0.00166
0.01750	0.00045	0.47363	0.00469	0.01750	-0.01367	0.01739	-0.00190
0.02000	0.00045	0.46415	0.00490	0.02000	-0.01367	0.01739	-0.00214
0.02250	0.00045	0.46685	0.00511	0.02250	-0.01367	0.01739	-0.00238
0.02500	0.00045	0.45597	0.00532	0.02500	-0.01367	0.01739	-0.00262
0.02750	0.00045	0.45477	0.00552	0.02750	-0.01367	0.01739	-0.00285
0.03000	0.00045	0.46453	0.00573	0.03000	-0.01367	0.01739	-0.00309
0.03250	0.00045	0.45065	0.00593	0.03250	-0.01367	0.01739	-0.00333
0.03500	0.00045	0.45252	0.00614	0.03500	-0.01367	0.01739	-0.00357
0.03750	0.00045	0.45280	0.00634	0.03750	-0.02013	0.00198	-0.00361
0.04000	0.00045	0.46186	0.00655	0.04000	-0.01633	-0.00474	-0.00353
0.04250	0.00045	0.45206	0.00675	0.04250	-0.01367	-0.00474	-0.00346
0.04500	0.00045	0.45757	0.00696	0.04500	-0.01367	-0.00474	-0.00340
0.04750	0.00045	0.44133	0.00716	0.04750	-0.01367	-0.00474	-0.00333
0.05000	0.00045	0.45641	0.00736	0.05000	-0.01367	-0.00474	-0.00327
0.05250	0.00045	0.44981	0.00756	0.05250	-0.01367	-0.00474	-0.00320
0.05500	0.00045	0.44720	0.00776	0.05500	-0.01367	-0.00474	-0.00314
0.05750	0.00045	0.44674	0.00797	0.05750	-0.01367	-0.00474	-0.00307
0.06000	0.00045	0.45360	0.00817	0.06000	-0.01367	-0.00474	-0.00301
0.06250	0.00045	0.46225	0.00838	0.06250	0.03970	-0.00326	-0.00314
0.06500	0.00045	0.44626	0.00858	0.06500	0.01723	0.00783	-0.00300
0.06750	0.00045	0.44660	0.00878	0.06750	-0.01367	0.00886	-0.00313
0.07000	0.00045	0.44473	0.00898	0.07000	0.03323	0.00447	-0.00298
0.07250	0.00045	0.45220	0.00918	0.07250	0.02617	0.00115	-0.00295
0.07500	0.00045	0.44856	0.00939	0.07500	0.05440	0.00629	-0.00261
0.07750	0.00045	0.45206	0.00959	0.07750	0.03980	0.00675	-0.00234
0.08000	0.00045	0.44685	0.00979	0.08000	-0.01367	-0.00366	-0.00229
0.08250	0.00045	0.43813	0.00999	0.08250	0.04713	0.00704	-0.00195
0.08500	0.00045	0.45132	0.01019	0.08500	-0.01367	0.00732	-0.00205
0.08750	0.00045	0.44807	0.01039	0.08750	0.05587	0.00029	-0.00204
0.09000	0.00045	0.44476	0.01059	0.09000	0.04147	0.00078	-0.00201
0.09250	0.00045	0.44434	0.01079	0.09250	0.05290	0.00623	-0.00168
0.09500	0.00045	0.44532	0.01099	0.09500	0.03457	0.00470	-0.00151
0.09750	0.00045	0.45354	0.01120	0.09750	0.05187	-0.00495	-0.00177
0.10000	0.00045	0.44768	0.01140	0.10000	0.03063	0.00444	-0.00163
0.10250	0.00045	0.44404	0.01160	0.10250	0.04030	0.00346	-0.00150
0.10500	0.00045	0.44429	0.01180	0.10500	0.02573	-0.00938	-0.00174
0.10750	0.00045	0.01989	0.01181	0.10750	0.04383	-0.79929	-0.03677
0.11000	0.00045	-0.03434	0.01179	0.11000	0.04657	0.78893	-3.46104E-5
0.11250	0.00045	-0.03434	0.01178	0.11250	-0.02232	-0.34381	0.00764
0.11500	0.00045	-0.03434	0.01176	0.11500	-0.02075	-0.25379	0.01290
0.11750	0.00045	-0.03434	0.01175	0.11750	0.04753	-0.02320	0.01180
0.12000	0.00045	-0.03434	0.01173	0.12000	-0.10763	0.23556	-0.01355
0.12250	0.00045	-0.03434	0.01171	0.12250	-0.03787	0.21608	-0.02173
0.12500	0.00045	-0.03434	0.01170	0.12500	-0.00442	0.09570	-0.02216
0.12750	0.00045	-0.03434	0.01168	0.12750	-0.02325	-0.22817	-0.01685
0.13000	0.00045	-0.03434	0.01167	0.13000	-0.01760	0.76780	-0.03036
0.13250	0.00045	0.51699	0.01190	0.13250	-0.02118	1.40475	-0.06012
0.13500	-0.02656	0.59525	-0.00391	0.13500	-0.01367	1.40475	-0.07932
0.13750	0.00045	0.59525	-0.00364	0.13750	-0.01367	1.40475	-0.09852
0.14000	0.00045	0.59525	-0.00337	0.14000	-0.01367	1.40475	-0.11772
0.14250	0.00045	0.59525	-0.00310	0.14250	-0.01367	1.40475	-0.13693
0.14500	0.00045	0.59525	-0.00284	0.14500	-0.01367	1.40475	-0.15613
0.14750	0.00045	0.00000	0.00000	0.14750	-0.01367	0.00000	0.00000
