4.51400	4.51400	4.51500
0.03741	0.03826	0.11611
-0.01940	-0.00800	-0.22330
4.42525	4.47526	7.01340
-0.06956	-0.06996	-0.56676
4.51500	4.51800
0.11823	0.13209
-0.23160	-0.27100
7.07740	7.17241
-0.58158	-0.02575
4.51500	4.51500	4.51500	4.51500	4.51500	4.51500	4.51600	4.51500	4.51600	4.51600	4.51600	4.51500	4.51600	4.51500	4.51600	4.51500	4.51500	4.51500	4.51600	4.51600	4.51600	4.51600	4.51600	4.51600	4.51600	4.51600	4.51600	4.51500	4.51600	4.51600	4.51600	4.51600	4.51500	4.51500	4.51500	4.51600	4.51600	4.51600	4.51600	4.51600	4.51600	4.51600	4.51600	4.51700	4.51900	4.52200
0.11011	0.11373	0.11789	0.11984	0.12177	0.12422	0.12571	0.12822	0.12921	0.12991	0.13066	0.13119	0.13125	0.13119	0.13086	0.13029	0.12976	0.12872	0.12792	0.12644	0.12475	0.12356	0.12148	0.11943	0.11811	0.11589	0.11353	0.11100	0.10926	0.10671	0.10493	0.10204	0.09910	0.09717	0.09395	0.09089	0.08886	0.08558	0.08236	0.08017	0.07698	0.07386	0.07154	0.06803	0.06471	0.06249
-0.27790	-0.20370	-0.26600	-0.22150	-0.25970	-0.16990	-0.17000	-0.06630	-0.08410	-0.06950	-0.12790	-0.04350	-0.04560	0.01380	0.00250	0.04240	0.02850	0.08740	0.03330	0.11250	0.09920	0.15390	0.11450	0.16640	0.11990	0.18360	0.16120	0.22600	0.18070	0.17250	0.11820	0.16190	0.13290	0.19660	0.14470	0.19970	0.16540	0.20860	0.16930	0.19550	0.16040	0.20420	0.11950	0.14070	0.09270	0.16010
21.57223	21.67224	21.77225	21.87225	21.97226	22.07226	22.17227	22.27227	22.37228	22.47229	22.57229	22.67230	22.77230	22.87231	22.97231	23.07232	23.17233	23.27233	23.37234	23.47234	23.57235	23.67235	23.77236	23.87237	23.97237	24.07238	24.17238	24.27239	24.37239	24.47240	24.57241	24.67241	24.77242	24.87242	24.97243	25.07243	25.17244	25.27245	25.37245	25.47246	25.57246	25.67247	25.77247	25.87248	25.97249	26.07249
-0.91882	-0.93919	-0.96579	-0.98794	-1.01391	-1.03090	-1.04790	-1.05453	-1.06294	-1.06989	-1.08268	-1.08703	-1.09159	-1.09021	-1.08996	-1.08572	-1.08287	-1.07413	-1.07080	-1.05955	-1.04962	-1.03423	-1.02278	-1.00614	-0.99415	-0.97579	-0.95967	-0.93707	-0.91899	-0.90174	-0.88992	-0.87373	-0.86044	-0.84078	-0.82631	-0.80633	-0.78979	-0.76893	-0.75200	-0.73245	-0.71641	-0.69599	-0.68404	-0.66996	-0.66069	0.01601
