Time since preparation	MLD	dMLD	Spectrum 1f	Spectrum 2f	MLD Lockin	dMLD Lockin	Phase	dPhase	Vdc	dVdc	Unbalanced?
min	mV/V	mV/V	mV/V	mV/V	mV/V	mV/V	deg	deg	V	V	y/n
T_58429020min_	T_58429020min_	T_58429020min_	T_58429020min_	T_58429020min_	T_58429020min_	T_58429020min_					
0.496695	0.538940	0.208422	29.345911	0.399436	0.000000	0.000000	0.265147	1.613814	1.860639	0.008211	1.000000
1.127298	0.944505	0.254375	23.206328	1.436342	0.000000	0.000000	0.173952	-0.223047	2.054943	0.002585	1.000000
1.623093	0.937581	0.159817	29.960617	0.891719	0.000000	0.000000	0.159877	0.279478	2.141267	0.002810	1.000000
2.121071	0.741368	0.083573	29.299108	0.629245	0.000000	0.000000	0.121720	2.269104	2.169871	0.002534	1.000000
2.623833	2.464934	0.630888	27.335452	2.414790	0.000000	0.000000	0.077113	2.155185	2.229940	0.002538	1.000000
3.120728	0.286574	0.207200	30.242510	0.346670	0.000000	0.000000	1.982125	1.280211	2.233311	0.004705	1.000000
3.619440	0.130806	0.057945	31.005990	0.112763	0.000000	0.000000	1.632598	0.638135	2.261967	0.004586	1.000000
4.123819	0.318701	0.114743	31.147217	0.166593	0.000000	0.000000	0.359345	1.447380	2.311922	0.002802	1.000000
4.620581	0.185371	0.074526	31.058899	0.163710	0.000000	0.000000	0.529227	1.184895	2.336235	0.002101	0.000000
5.117726	0.228933	0.077259	31.285037	0.063600	0.000000	0.000000	0.400963	1.787630	2.318920	0.003004	1.000000
5.613654	0.140277	0.061927	31.055022	0.184655	0.000000	0.000000	1.790393	1.086711	2.343744	0.003061	1.000000
6.112183	0.288124	0.078640	31.253169	0.242667	0.000000	0.000000	0.306396	1.683828	2.371991	0.002655	0.000000
6.595194	116.422707	175.199143	30.995260	0.578084	0.000000	0.000000	1.773944	-0.071892	2.372808	0.002587	0.000000
